   7       0 loop0 155472 1156232 10554275 361167 122034 1185556 10458160 323942 0 53277 705209 0 0 0 0 723 20100
   7       1 loop1 151164 1159766 10535533 349599 121493 1186097 10458160 317882 0 52697 687546 0 0 0 0 723 20064
   7       2 loop2 151417 1159475 10528142 330767 122000 1185590 10458160 303342 0 51952 654164 0 0 0 0 723 20054
   7       3 loop3 151266 1159039 10504907 322015 122697 1184789 10457537 298935 0 51890 640835 0 0 0 0 667 19884
   7       4 loop4 61143 462606 4205479 136756 75982 1231470 10457414 191397 0 48205 347898 0 0 0 0 616 19744
   7       5 loop5 29825 231739 2103441 67954 35146 487844 4202722 90929 0 24113 169874 0 0 0 0 411 10990
   7       6 loop6 230 0 5846 11 10858 250917 2123897 31288 0 12083 37181 0 0 0 0 201 5881
   7       7 loop7 0 0 0 0 0 0 0 0 0 0 0 0 0 0 0 0 0
   8       0 sda 157931 6717 56147691 140031 322075 105116 67256141 982533 0 158393 1174799 5278 0 117636040 590 19904 51642
   8       1 sda1 57251 6470 33662405 118073 322073 105116 67256132 982533 0 160956 1101198 5278 0 117636040 590 0 0
   8      14 sda14 33501 0 7491586 6869 0 0 0 0 0 6745 6869 0 0 0 0 0 0
   8      15 sda15 33634 247 7500373 7225 2 0 9 0 0 7089 7226 0 0 0 0 0 0
  11       0 sr0 25075 0 5341732 21123 0 0 0 0 0 21164 21123 0 0 0 0 0 0
   8      16 sdb 34540 0 7640038 10186 15 8 387 17 0 9772 10211 0 0 0 0 4 8
   8      32 sdc 34101 0 7578566 10427 15 8 387 15 0 10202 10447 0 0 0 0 4 4
   8      80 sdf 205126 784808 40094622 180486 222758 570792 6345514 559543 0 55093 744140 0 0 0 0 403 4111
   8      81 sdf1 136155 525065 23049136 159210 56066 476124 4255604 131452 0 41879 290663 0 0 0 0 0 0
   8      82 sdf2 34527 259743 9486894 13434 166658 94625 2089426 428035 0 27144 441470 0 0 0 0 0 0
   8     112 sdh 39548 307747 12064035 15369 471 838 9643 2741 0 12392 18358 0 0 0 0 169 247
   8     128 sdi 36494 260400 9624803 12970 2462 47660 2362105 5465 0 12575 19633 0 0 0 0 143 1197
   8     144 sdj 34420 33310 7808200 8137 1981 259629 2092048 30527 0 15622 39796 0 0 0 0 104 1132
   8     160 sdk 33525 0 7484420 9368 0 0 0 0 0 9224 9368 0 0 0 0 0 0
   8     176 sdl 33483 0 7483116 9114 0 0 0 0 0 8922 9114 0 0 0 0 0 0
   9     127 md127 142846 0 31959176 71682 1199 0 221595 6786 0 316728 78468 0 0 0 0 0 0
   9     126 md126 152490 0 27825016 66834 533 0 5755 1715 0 79951 68549 0 0 0 0 0 0
 252       0 dm-0 66616 0 14885072 33657 1723 0 224032 9125 0 336620 42782 0 0 0 0 0 0
   8      96 sdg 135823 50917 27089828 43156 3049 529792 4261003 16879 0 25158 62061 0 0 0 0 234 2024
   8      97 sdg1 42317 50887 9773330 13955 1604 270015 2171902 10363 0 14656 24319 0 0 0 0 0 0
   8      98 sdg2 60481 30 9992786 20495 1437 259761 2088933 6486 0 29283 26981 0 0 0 0 0 0
   8     192 sdm 31608 570222 10883860 19603 214164 318485 4259125 431843 0 25710 458338 0 0 0 0 288 6890
   8     193 sdm1 11208 310463 4586810 9706 41982 229436 2170101 96941 0 14866 106647 0 0 0 0 0 0
   8     194 sdm2 10855 259759 4198666 7186 172179 89041 2088944 334881 0 18155 342067 0 0 0 0 0 0
   8      48 sdd 78020 3514 14802549 29939 476 57635 464379 2388 0 13024 32560 0 0 0 0 71 231
   8      49 sdd1 32188 3514 7204914 13063 460 57635 464369 2315 0 20308 15378 0 0 0 0 0 0
   8      50 sdd2 36673 0 5553787 14301 16 0 10 73 0 11097 14374 0 0 0 0 0 0
   8      64 sde 28086 0 6121950 7424 37 24 311 24 0 4163 7463 0 0 0 0 18 14
   8      65 sde1 9137 0 2030977 2140 7 0 11 4 0 2117 2144 0 0 0 0 0 0
   8      66 sde2 9140 0 2031022 2530 7 0 11 3 0 2527 2534 0 0 0 0 0 0
