   7       0 loop0 155472 1156232 10554275 361167 122034 1185556 10458160 323942 0 53277 705209 0 0 0 0 723 20100
   7       1 loop1 151164 1159766 10535533 349599 121493 1186097 10458160 317882 0 52697 687546 0 0 0 0 723 20064
   7       2 loop2 151417 1159475 10528142 330767 122000 1185590 10458160 303342 0 51952 654164 0 0 0 0 723 20054
   7       3 loop3 151266 1159039 10504907 322015 122697 1184789 10457537 298935 0 51890 640835 0 0 0 0 667 19884
   7       4 loop4 61143 462606 4205479 136756 75982 1231470 10457414 191397 0 48205 347898 0 0 0 0 616 19744
   7       5 loop5 29825 231739 2103441 67954 35146 487844 4202722 90929 0 24113 169874 0 0 0 0 411 10990
   7       6 loop6 230 0 5846 11 10858 250917 2123897 31288 0 12083 37181 0 0 0 0 201 5881
   7       7 loop7 0 0 0 0 0 0 0 0 0 0 0 0 0 0 0 0 0
   8       0 sda 157926 6717 56147483 140027 321783 105098 67252157 981995 0 158351 1174239 5277 0 117636032 590 19902 51626
   8       1 sda1 57246 6470 33662197 118069 321781 105098 67252148 981995 0 160914 1100655 5277 0 117636032 590 0 0
   8      14 sda14 33501 0 7491586 6869 0 0 0 0 0 6745 6869 0 0 0 0 0 0
   8      15 sda15 33634 247 7500373 7225 2 0 9 0 0 7089 7226 0 0 0 0 0 0
  11       0 sr0 25075 0 5341732 21123 0 0 0 0 0 21164 21123 0 0 0 0 0 0
   8      16 sdb 34540 0 7640038 10186 15 8 387 17 0 9772 10211 0 0 0 0 4 8
   8      32 sdc 34101 0 7578566 10427 15 8 387 15 0 10202 10447 0 0 0 0 4 4
   8      80 sdf 205044 781297 40065878 180382 222680 562404 6277851 559397 0 54935 743843 0 0 0 0 394 4063
   8      81 sdf1 136073 521554 23020392 159106 55989 467736 4187941 131310 0 41721 290416 0 0 0 0 0 0
   8      82 sdf2 34527 259743 9486894 13434 166657 94625 2089426 428032 0 27141 441467 0 0 0 0 0 0
   8     112 sdh 39548 307747 12064035 15369 471 838 9643 2741 0 12392 18358 0 0 0 0 169 247
   8     128 sdi 36494 260400 9624803 12970 2462 47660 2362105 5465 0 12575 19633 0 0 0 0 143 1197
   8     144 sdj 34420 33310 7808200 8137 1981 259629 2092048 30527 0 15622 39796 0 0 0 0 104 1132
   8     160 sdk 33525 0 7484420 9368 0 0 0 0 0 9224 9368 0 0 0 0 0 0
   8     176 sdl 33483 0 7483116 9114 0 0 0 0 0 8922 9114 0 0 0 0 0 0
   9     127 md127 142844 0 31959112 71678 1081 0 56587 5131 0 316245 76809 0 0 0 0 0 0
   9     126 md126 152490 0 27825016 66834 533 0 5755 1715 0 79951 68549 0 0 0 0 0 0
 252       0 dm-0 66614 0 14885008 33653 1604 0 59024 7464 0 336131 41117 0 0 0 0 0 0
   8      96 sdg 135802 49198 27075860 43097 2966 521218 4191812 16660 0 24910 61745 0 0 0 0 225 1987
   8      97 sdg1 42296 49168 9759362 13896 1522 261441 2102711 10147 0 14401 24044 0 0 0 0 0 0
   8      98 sdg2 60481 30 9992786 20495 1436 259761 2088933 6483 0 29280 26978 0 0 0 0 0 0
   8     192 sdm 31561 568276 10867916 19554 214084 310035 4190950 431673 0 25531 458082 0 0 0 0 279 6853
   8     193 sdm1 11161 308517 4570866 9658 41903 220986 2101926 96774 0 14685 106432 0 0 0 0 0 0
   8     194 sdm2 10855 259759 4198666 7186 172178 89041 2088944 334877 0 18152 342064 0 0 0 0 0 0
   8      48 sdd 77990 80 14774837 29899 388 49000 394660 2181 0 12821 32266 0 0 0 0 62 185
   8      49 sdd1 32158 80 7177202 13023 373 49000 394650 2110 0 20104 15134 0 0 0 0 0 0
   8      50 sdd2 36673 0 5553787 14301 15 0 10 70 0 11095 14372 0 0 0 0 0 0
   8      64 sde 28086 0 6121950 7424 37 24 311 24 0 4163 7463 0 0 0 0 18 14
   8      65 sde1 9137 0 2030977 2140 7 0 11 4 0 2117 2144 0 0 0 0 0 0
   8      66 sde2 9140 0 2031022 2530 7 0 11 3 0 2527 2534 0 0 0 0 0 0
